     GA   IN   KS   KY   MD   ME
     0  663 1120  523  557 1187
   663    0  671  166  550 1115
  1120  671    0  816 1209 1774
   523  166  816    0  469 1050
   557  550 1209  469    0  626
  1187 1115 1774 1050  626    0
