Seattle NewOrleans LosAngeles Tucson Chicago Miami Omaha
0000    2706       1136       1572   2048    3312  1661
2706    0000       1896       1410    927     867  1099
1136    1896       0000        486   2019    2773  1554
1572    1410        486       0000   1793    2255  1316
2048     927       2019       1793   0000    1383   468
3312     867       2773       2255   1383    0000  1657    
1661    1099       1554       1316    468    1657  0000
